100005942927037
100052715107140
100036848483285
100070928514356
100063303635410
100075554365551
100073745956574
100060555376078
100049178535836
100052397988941
100024544536953
100025809436552
100037861803124
100042981623051
100047067401917
100045676095044
100044546650208
100069558384457
100048019110344
100050899096397
100045935016440
100047505344705
100070772404298
100074955527983
100074878520395
100074293914016
100074795167135
100074267688479
100074918262891
100074736750169
100071600105827
100071432844830
100073626002124
100073710362571
100073410724065
100073494523845
100074141886637
100073130529969
100073100921269
